1: 12 1 11
2: 17 14 2
3: 13 14 5
4: 19 15 14
5: 13 10 5
6: 9 8 12
7: 15 16 3
8: 7 18 10
9: 7 18 1
10: 9 1 2
11: 15 5 20
12: 6 11 4
13: 17 15 8
14: 16 5 6
15: 17 3 4
16: 10 12 19
17: 6 13 16
18: 10 19 5
19: 9 15 11
20: 16 10 20
21: 19 16 17
22: 16 17 6
23: 12 20 1
24: 3 5 6
25: 5 20 18
26: 9 3 5
27: 5 20 10
28: 18 7 1
29: 3 9 2
30: 11 7 16
31: 5 11 6
32: 12 20 3
33: 11 16 10
34: 16 19 9
35: 2 10 3
36: 8 9 7
37: 17 5 6
38: 8 18 11
39: 17 10 9
40: 2 15 16
41: 1 9 15
42: 8 4 5
43: 15 14 6
44: 12 9 1
45: 9 2 1
46: 10 12 6
47: 3 8 10
48: 14 13 18
49: 14 18 1
50: 16 19 10
51: 13 12 16
52: 7 9 1
53: 19 16 1
54: 18 7 11
55: 1 13 4
56: 10 4 9
57: 7 5 3
58: 17 8 19
59: 1 20 14
60: 20 7 2
61: 9 1 19
62: 14 1 4
63: 18 9 2
64: 10 17 7
65: 19 10 3
66: 12 6 15
67: 17 15 5
68: 2 12 8
69: 7 18 20
70: 7 1 14
71: 5 12 11
72: 6 14 11
73: 19 1 15
74: 14 5 20
75: 10 1 5
76: 19 5 10
77: 9 8 1
78: 17 8 1
79: 12 4 9
80: 3 10 8
81: 5 14 6
82: 8 5 4
83: 8 3 18
84: 8 2 14
85: 15 16 8
86: 2 12 5
87: 4 13 11
88: 2 13 10
89: 9 5 15
90: 9 17 8
91: 13 4 14
92: 5 12 7
93: 14 17 13
94: 18 1 12
95: 6 7 16
96: 10 12 16
97: 12 18 16
98: 4 14 10
99: 12 9 13
100: 6 20 9
101: 1 15 4
102: 5 8 4
103: 6 1 3
104: 15 6 4
105: 10 3 4
106: 15 17 7
107: 6 1 12
108: 6 7 15
109: 5 17 16
110: 7 2 9
111: 19 6 12
112: 17 7 12
113: 2 10 13
114: 8 11 16
115: 1 14 10
116: 8 17 1
117: 5 2 18
118: 1 5 15
119: 17 18 20
120: 9 11 17
121: 18 17 16
122: 11 12 5
123: 9 15 4
124: 1 19 10
125: 1 15 9
126: 9 13 19
127: 20 11 2
128: 11 17 9
129: 14 17 2
130: 19 3 10
131: 3 16 18
132: 2 4 1
133: 15 11 2
134: 14 1 11
135: 12 5 20
136: 6 14 15
137: 5 14 13
138: 20 6 8
139: 10 3 17
140: 5 8 7
141: 14 18 16
142: 18 17 7
143: 9 5 13
144: 10 11 1
145: 17 7 19
146: 18 6 19
147: 17 16 1
148: 8 1 19
149: 17 12 8
150: 19 13 10
151: 20 2 10
152: 5 10 2
153: 18 8 1
154: 10 19 3
155: 17 14 12
156: 19 14 16
157: 6 14 9
158: 6 5 9
159: 19 13 15
160: 4 16 11
161: 19 14 4
162: 4 17 18
163: 19 1 16
164: 19 1 6
165: 13 6 11
166: 20 12 7
167: 1 3 13
168: 8 20 3
169: 6 15 18
170: 9 11 13
171: 6 18 14
172: 2 1 8
173: 9 7 14
174: 4 12 8
175: 9 4 17
176: 13 4 1
177: 6 8 10
178: 9 19 11
179: 13 12 10
180: 10 7 6
181: 13 7 8
182: 1 18 4
183: 8 18 9
184: 19 12 4
185: 11 10 14
186: 19 20 3
187: 16 11 8
188: 7 4 8
189: 14 5 16
190: 10 14 9
191: 1 16 5
192: 14 10 13
193: 17 19 3
194: 5 20 3
195: 13 18 12
196: 17 9 18
197: 16 3 14
198: 12 16 14
199: 20 6 10
200: 18 13 14
201: 3 15 12
202: 18 12 19
203: 12 17 8
204: 4 18 19
205: 7 12 17
206: 12 20 6
207: 15 3 7
208: 17 10 15
209: 8 12 2
210: 5 16 20
211: 5 2 8
212: 3 17 4
213: 7 5 12
214: 14 7 2
215: 13 16 3
216: 1 18 6
217: 9 5 1
218: 8 15 3
219: 7 5 9
220: 8 10 16
221: 11 8 17
222: 13 5 12
223: 5 1 2
224: 6 2 20
225: 9 16 6
226: 20 12 10
227: 6 11 1
228: 20 7 3
229: 10 7 20
230: 14 17 6
231: 9 12 2
232: 3 8 1
233: 10 6 7
234: 15 4 18
235: 14 11 5
236: 17 18 11
237: 5 19 8
238: 19 13 11
239: 13 10 16
240: 16 14 7
241: 16 8 7
242: 5 14 6
243: 16 18 1
244: 5 14 18
245: 1 20 18
246: 3 1 14
247: 5 13 12
248: 3 7 20
249: 4 20 2
250: 2 5 18
251: 5 7 6
252: 13 12 6
253: 16 5 3
254: 4 1 13
255: 17 11 4
256: 1 10 3
257: 17 16 1
258: 2 7 17
259: 19 17 11
260: 13 8 7
261: 10 19 7
262: 15 19 10
263: 4 20 9
264: 4 8 7
265: 6 9 2
266: 1 8 11
267: 19 1 13
268: 14 17 20
269: 14 2 17
270: 16 1 17
271: 18 13 19
272: 6 9 5
273: 9 8 15
274: 18 12 20
275: 15 19 4
276: 14 13 7
277: 15 2 4
278: 4 5 18
279: 12 18 4
280: 4 17 13
281: 10 2 13
282: 15 18 11
283: 8 13 20
284: 18 4 8
285: 13 9 18
286: 6 14 18
287: 20 18 12
288: 5 17 15
289: 1 8 10
290: 9 15 1
291: 10 16 12
292: 5 17 1
293: 9 5 15
294: 13 2 17
295: 2 15 11
296: 7 17 10
297: 5 7 18
298: 10 17 12
299: 3 11 10
300: 5 17 16
301: 9 12 20
302: 18 6 7
303: 18 10 4
304: 4 16 20
305: 12 14 16
306: 13 1 6
307: 6 11 20
308: 8 4 12
309: 12 5 7
310: 2 4 6
311: 3 10 20
312: 1 14 3
313: 11 14 4
314: 13 12 6
315: 8 10 11
316: 16 14 11
317: 18 10 13
318: 6 4 7
319: 10 7 17
320: 10 7 1
321: 6 20 3
322: 18 12 17
323: 18 19 12
324: 4 13 20
325: 20 8 6
326: 20 8 11
327: 11 13 16
328: 18 7 19
329: 18 17 16
330: 3 12 8
331: 9 20 2
332: 2 15 19
333: 4 6 11
334: 18 7 15
335: 18 11 3
336: 14 8 18
337: 8 9 14
338: 15 13 10
339: 3 16 18
340: 14 7 15
341: 2 13 3
342: 6 18 14
343: 4 10 11
344: 6 11 13
345: 16 18 6
346: 1 10 17
347: 12 11 5
348: 2 18 1
349: 19 1 3
350: 15 5 2
351: 3 14 20
352: 1 10 3
353: 16 4 7
354: 8 11 20
355: 4 14 9
356: 16 6 15
357: 8 18 4
358: 5 11 9
359: 12 13 16
360: 11 16 9
361: 8 4 14
362: 12 17 14
363: 13 2 6
364: 8 18 16
365: 4 3 13
366: 1 5 4
367: 11 3 10
368: 19 7 20
369: 2 7 14
370: 18 9 16
371: 13 5 11
372: 16 13 5
373: 16 5 4
374: 19 15 6
375: 14 11 7
376: 5 3 18
377: 11 9 10
378: 18 11 19
379: 10 17 13
380: 3 19 14
381: 9 17 20
382: 17 12 4
383: 16 14 6
384: 6 14 20
385: 15 10 8
386: 19 7 4
387: 18 6 20
388: 18 20 1
389: 17 13 3
390: 20 5 17
391: 16 11 1
392: 2 15 14
393: 13 9 1
394: 1 11 15
395: 7 17 14
396: 1 8 3
397: 20 7 18
398: 11 2 5
399: 1 20 4
400: 5 4 17
401: 7 13 2
402: 19 6 3
403: 11 9 14
404: 7 6 14
405: 13 10 19
406: 11 20 3
407: 17 19 7
408: 3 2 6
409: 8 13 9
410: 6 10 15
411: 13 20 19
412: 4 13 17
413: 19 15 12
414: 11 9 1
415: 17 5 13
416: 16 1 10
417: 3 17 11
418: 9 7 3
419: 15 1 12
420: 14 7 10
421: 18 4 14
422: 1 15 3
423: 14 6 12
424: 16 19 14
425: 8 13 3
426: 4 19 20
427: 6 1 17
428: 13 3 6
429: 6 8 5
430: 3 11 12
431: 8 9 6
432: 8 3 6
433: 10 7 19
434: 16 2 6
435: 11 2 20
436: 17 13 14
437: 4 5 12
438: 15 14 20
439: 2 5 20
440: 5 3 2
441: 9 17 14
442: 14 20 11
443: 9 5 12
444: 2 20 16
445: 3 14 19
446: 14 3 7
447: 16 14 19
448: 11 6 1
449: 2 8 14
450: 6 5 18
451: 12 3 7
452: 4 5 6
453: 13 3 19
454: 9 10 19
455: 14 5 16
456: 15 3 2
457: 4 6 8
458: 5 2 20
459: 3 10 18
460: 9 17 10
461: 2 19 20
462: 1 16 4
463: 14 18 6
464: 15 3 20
465: 12 8 16
466: 10 18 17
467: 18 16 19
468: 2 9 8
469: 6 13 5
470: 5 13 20
471: 17 7 5
472: 15 16 8
473: 18 10 14
474: 11 2 15
475: 4 18 20
476: 10 12 3
477: 1 20 18
478: 9 16 18
479: 9 15 4
480: 4 1 15
481: 16 3 10
482: 18 11 8
483: 11 5 12
484: 17 8 20
485: 8 10 19
486: 5 4 16
487: 17 16 8
488: 6 8 18
489: 17 8 14
490: 2 19 17
491: 12 18 17
492: 20 12 18
493: 18 2 6
494: 3 20 10
495: 2 4 13
496: 4 17 5
497: 4 6 16
498: 16 19 4
499: 1 7 18
500: 7 12 8
501: 5 7 16
502: 13 17 5
503: 2 10 4
504: 10 18 14
505: 10 6 8
506: 13 4 14
507: 20 16 10
508: 15 4 12
509: 15 10 6
510: 20 4 8
511: 3 1 17
512: 5 11 6
513: 3 8 2
514: 12 6 4
515: 16 1 6
516: 8 11 4
517: 12 15 7
518: 5 10 3
519: 8 17 11
520: 15 8 3
521: 12 1 4
522: 10 19 17
523: 18 2 9
524: 4 16 2
525: 4 8 19
526: 5 15 3
527: 12 2 7
528: 20 9 7
529: 1 13 14
530: 5 19 18
531: 19 6 11
532: 5 2 6
533: 10 6 1
534: 10 14 12
535: 13 1 11
536: 19 10 5
537: 2 12 10
538: 16 10 18
539: 17 4 15
540: 20 5 19
541: 1 19 15
542: 10 8 2
543: 12 2 14
544: 19 11 16
545: 5 4 18
546: 15 8 20
547: 7 2 3
548: 20 8 18
549: 14 10 9
550: 20 12 6
551: 15 2 5
552: 4 5 16
553: 17 4 14
554: 2 14 18
555: 18 14 9
556: 11 20 10
557: 20 18 3
558: 3 9 19
559: 4 18 19
560: 16 4 20
561: 3 16 7
562: 19 8 12
563: 15 7 17
564: 19 10 8
565: 12 3 18
566: 6 19 20
567: 19 17 2
568: 8 7 14
569: 1 10 5
570: 15 8 9
571: 6 11 8
572: 8 5 11
573: 1 15 2
574: 9 1 17
575: 9 8 1
576: 3 6 12
577: 15 9 12
578: 13 17 15
579: 4 19 10
580: 14 7 18
581: 9 1 6
582: 15 6 13
583: 6 20 14
584: 11 7 2
585: 20 14 19
586: 3 7 19
587: 6 20 1
588: 1 16 13
589: 12 7 2
590: 17 20 11
591: 1 16 20
592: 1 17 16
593: 2 18 17
594: 13 16 20
595: 16 7 5
596: 16 7 1
597: 5 2 13
598: 8 5 11
599: 9 11 4
600: 10 17 16
601: 7 17 5
602: 2 19 13
603: 19 1 20
604: 2 15 17
605: 8 5 19
606: 14 20 5
607: 14 16 4
608: 20 13 16
609: 16 4 5
610: 20 9 1
611: 17 20 18
612: 17 1 16
613: 3 14 8
614: 19 14 7
615: 10 12 18
616: 10 14 18
617: 3 18 6
618: 7 11 14
619: 19 6 8
620: 17 3 1
621: 8 18 6
622: 4 14 5
623: 18 5 1
624: 11 4 5
625: 15 8 18
626: 10 15 16
627: 3 6 2
628: 14 2 4
629: 6 19 8
630: 17 4 18
631: 20 6 19
632: 2 12 10
633: 6 10 14
634: 2 6 11
635: 18 15 3
636: 7 4 6
637: 14 1 8
638: 6 15 13
639: 19 2 18
640: 20 4 7
641: 3 2 8
642: 11 2 15
643: 10 13 4
644: 16 14 13
645: 10 2 16
646: 9 13 1
647: 8 14 20
648: 9 11 12
649: 20 10 14
650: 16 6 20
651: 6 17 20
652: 10 8 9
653: 19 9 3
654: 13 7 1
655: 5 6 4
656: 12 19 10
657: 19 20 5
658: 20 1 14
659: 20 8 12
660: 13 19 1
661: 5 3 7
662: 19 6 9
663: 2 6 3
664: 9 13 12
665: 6 4 12
666: 1 4 20
667: 3 9 14
668: 15 3 11
669: 18 7 10
670: 3 17 11
671: 15 4 3
672: 10 14 8
673: 3 20 11
674: 12 13 14
675: 5 3 11
676: 16 4 20
677: 10 18 3
678: 19 18 5
679: 7 13 16
680: 1 5 6
681: 17 10 7
682: 18 11 12
683: 1 19 8
684: 3 4 13
685: 20 10 7
686: 8 3 6
687: 6 9 20
688: 6 7 2
689: 5 7 12
690: 11 1 4
691: 14 8 13
692: 20 6 3
693: 4 3 1
694: 7 15 10
695: 2 6 13
696: 13 18 19
697: 7 2 1
698: 11 15 2
699: 6 11 17
700: 15 5 3
701: 4 15 16
702: 9 18 5
703: 16 9 19
704: 13 17 16
705: 6 4 20
706: 18 1 9
707: 19 5 13
708: 12 20 16
709: 10 7 15
710: 19 3 11
711: 18 4 5
712: 14 11 19
713: 3 20 16
714: 3 19 11
715: 8 11 5
716: 8 1 9
717: 18 4 17
718: 7 6 10
719: 6 19 7
720: 1 5 18
721: 12 15 4
722: 11 20 3
723: 18 3 5
724: 10 14 4
725: 14 16 4
726: 1 5 18
727: 12 19 18
728: 15 14 19
729: 7 19 6
730: 15 14 17
731: 13 7 8
732: 1 4 15
733: 16 14 18
734: 9 3 12
735: 3 19 4
736: 8 1 16
737: 16 11 7
738: 3 5 7
739: 15 7 11
740: 8 19 17
741: 19 16 20
742: 16 9 14
743: 2 17 8
744: 1 16 14
745: 15 17 6
746: 19 20 10
747: 3 14 5
748: 9 17 11
749: 20 11 13
750: 5 3 4
751: 19 3 4
752: 8 13 18
753: 12 8 15
754: 6 5 1
755: 18 20 17
756: 20 14 3
757: 3 15 11
758: 2 13 17
759: 11 16 19
760: 9 19 12
761: 18 16 10
762: 3 19 2
763: 11 7 2
764: 14 20 6
765: 13 12 15
766: 10 2 16
767: 1 8 12
768: 5 20 13
769: 10 16 11
770: 6 13 5
771: 6 2 8
772: 10 16 13
773: 7 9 18
774: 6 14 3
775: 4 7 14
776: 7 19 17
777: 19 12 13
778: 6 4 7
779: 13 4 20
780: 19 9 13
781: 11 12 19
782: 3 6 19
783: 3 5 11
784: 4 2 16
785: 17 6 1
786: 19 20 14
787: 12 20 7
788: 12 11 5
789: 20 16 17
790: 12 20 6
791: 6 12 18
792: 12 13 18
793: 13 7 2
794: 9 6 20
795: 18 19 20
796: 8 15 7
797: 20 1 19
798: 12 1 9
799: 14 10 11
800: 8 7 17
801: 8 1 4
802: 20 5 11
803: 17 13 4
804: 14 5 18
805: 6 9 18
806: 14 11 9
807: 16 10 5
808: 2 14 17
809: 6 4 20
810: 14 19 6
811: 14 18 11
812: 5 2 8
813: 13 10 7
814: 19 11 12
815: 16 15 5
816: 2 6 14
817: 6 14 9
818: 20 18 14
819: 12 10 19
820: 6 16 11
821: 11 7 16
822: 7 12 1
823: 11 4 20
824: 6 4 15
825: 1 15 11
826: 3 12 2
827: 14 7 3
828: 19 10 14
829: 17 5 8
830: 20 11 18
831: 16 9 8
832: 19 18 16
833: 9 7 8
834: 8 13 16
835: 2 9 7
836: 16 1 11
837: 9 5 1
838: 16 15 7
839: 8 13 16
840: 13 6 10
841: 7 2 6
842: 1 10 5
843: 19 1 6
844: 2 18 4
845: 12 9 19
846: 14 18 5
847: 19 11 7
848: 2 7 20
849: 2 1 20
850: 19 14 11
851: 12 6 5
852: 19 8 1
853: 6 7 4
854: 19 4 2
855: 14 4 13
856: 14 1 16
857: 19 1 13
858: 12 3 10
859: 10 15 4
860: 11 14 8
861: 17 1 7
862: 2 15 1
863: 2 16 19
864: 17 1 4
865: 7 2 12
866: 8 16 7
867: 12 6 1
868: 1 10 16
869: 3 9 6
870: 14 7 13
871: 10 12 6
872: 1 6 5
873: 1 19 14
874: 8 4 5
875: 11 12 19
876: 9 20 1
877: 8 4 7
878: 16 4 5
879: 19 3 1
880: 12 9 15
881: 9 3 13
882: 7 18 12
883: 14 19 8
884: 7 5 6
885: 9 2 5
886: 18 3 15
887: 7 1 11
888: 2 17 16
889: 18 3 7
890: 4 7 14
891: 6 2 20
892: 17 3 12
893: 8 6 7
894: 10 1 19
895: 7 16 10
896: 19 4 9
897: 1 5 14
898: 11 6 14
899: 16 9 10
900: 1 4 10
901: 10 18 14
902: 7 8 17
903: 12 11 1
904: 7 19 2
905: 18 7 12
906: 13 18 17
907: 7 16 6
908: 2 20 16
909: 17 7 15
910: 1 6 11
911: 11 15 9
912: 10 2 15
913: 2 7 8
914: 6 20 13
915: 8 19 7
916: 20 7 18
917: 1 12 15
918: 9 14 6
919: 18 4 2
920: 7 13 5
921: 15 9 6
922: 20 8 14
923: 9 16 14
924: 5 20 1
925: 12 1 5
926: 5 18 8
927: 2 7 10
928: 5 3 14
929: 8 18 11
930: 13 14 2
931: 11 2 19
932: 16 18 1
933: 1 18 6
934: 10 20 8
935: 2 4 7
936: 20 15 13
937: 8 14 6
938: 16 3 2
939: 4 20 7
940: 1 9 6
941: 20 11 17
942: 8 17 19
943: 20 8 2
944: 9 10 11
945: 11 18 12
946: 13 18 2
947: 18 15 19
948: 11 9 8
949: 14 19 18
950: 20 6 15
951: 7 4 2
952: 15 11 10
953: 13 8 7
954: 14 13 10
955: 20 15 16
956: 12 20 9
957: 4 10 1
958: 17 14 18
959: 2 7 20
960: 3 9 13
961: 11 8 13
962: 11 10 19
963: 10 6 14
964: 5 17 2
965: 2 20 5
966: 19 13 2
967: 4 6 19
968: 4 11 3
969: 12 11 16
970: 7 18 11
971: 9 8 15
972: 10 3 8
973: 1 18 12
974: 7 12 20
975: 3 14 6
976: 18 4 19
977: 3 6 18
978: 4 17 6
979: 4 11 9
980: 13 2 1
981: 12 14 19
982: 18 16 20
983: 6 11 13
984: 10 6 8
985: 9 3 5
986: 17 8 5
987: 20 2 16
988: 18 10 15
989: 2 13 16
990: 10 14 4
991: 9 1 11
992: 2 20 19
993: 13 1 18
994: 4 14 17
995: 2 4 11
996: 13 4 2
997: 14 5 17
998: 8 14 2
999: 15 16 4
1000: 10 14 20
1001: 1 7 5
1002: 17 3 13
1003: 11 4 17
1004: 1 4 7
1005: 13 17 10
1006: 18 2 16
1007: 12 14 11
1008: 14 3 6
1009: 17 2 7
1010: 17 9 12
1011: 10 14 4
1012: 9 6 12
1013: 16 9 14
1014: 14 3 4
1015: 18 12 15
1016: 3 5 7
1017: 15 5 7
1018: 18 19 1
1019: 1 10 4
1020: 20 18 15
1021: 1 2 13
1022: 14 17 16
1023: 5 11 8
1024: 12 9 15
1025: 18 6 7
1026: 19 6 2
1027: 1 14 18
1028: 18 13 2
1029: 12 19 11
1030: 13 2 11
1031: 20 1 7
1032: 13 14 10
1033: 15 5 4
1034: 19 12 6
1035: 9 12 1
1036: 11 13 4
1037: 9 11 16
1038: 2 9 11
1039: 15 12 3
1040: 2 9 4
1041: 16 17 5
1042: 9 17 6
1043: 2 12 4
1044: 18 19 9
1045: 10 11 1
1046: 15 8 20
1047: 13 14 16
1048: 1 12 13
1049: 1 4 6
1050: 16 6 13
1051: 8 17 2
1052: 7 10 16
1053: 1 20 13
1054: 18 9 5
1055: 6 5 7
1056: 14 19 20
1057: 15 12 9
1058: 10 13 12
1059: 18 16 15
1060: 11 12 2
1061: 15 5 19
1062: 13 5 6
1063: 4 2 11
1064: 15 4 2
1065: 2 11 4
1066: 1 10 18
1067: 1 19 6
1068: 4 14 8
1069: 16 18 12
1070: 9 16 14
1071: 2 10 16
1072: 4 1 14
1073: 15 14 12
1074: 18 14 3
1075: 2 9 6
1076: 18 17 2
1077: 12 17 6
1078: 11 10 18
1079: 12 2 4
1080: 10 18 5
1081: 20 7 1
1082: 11 19 14
1083: 13 18 20
1084: 8 19 18
1085: 13 5 18
1086: 5 6 16
1087: 20 9 17
1088: 16 9 1
1089: 12 13 2
1090: 19 5 12
1091: 13 19 12
1092: 19 10 20
1093: 13 19 14
1094: 4 15 8
1095: 13 20 1
1096: 20 12 8
1097: 8 2 5
1098: 6 10 1
1099: 5 9 20
1100: 4 7 14
1101: 17 13 4
1102: 16 12 7
1103: 6 2 7
1104: 12 20 14
1105: 3 14 16
1106: 16 4 17
1107: 17 15 8
1108: 13 4 10
1109: 13 19 12
1110: 5 1 11
1111: 7 16 10
1112: 9 15 14
1113: 2 9 19
1114: 7 2 10
1115: 2 8 13
1116: 20 9 19
1117: 13 7 14
1118: 8 1 10
1119: 20 13 18
1120: 6 10 16
1121: 1 7 5
1122: 14 10 5
1123: 9 18 5
1124: 17 16 6
1125: 13 6 8
1126: 4 13 8
1127: 10 13 2
1128: 20 7 5
1129: 17 1 12
1130: 16 19 4
1131: 12 11 18
1132: 5 1 9
1133: 16 5 17
1134: 20 14 19
1135: 1 13 4
1136: 6 8 1
1137: 4 15 2
1138: 14 20 10
1139: 14 11 19
1140: 8 3 17
1141: 15 5 7
1142: 4 14 18
1143: 12 9 8
1144: 6 1 8
1145: 11 12 6
1146: 2 15 17
1147: 13 12 3
1148: 12 9 3
1149: 11 9 7
1150: 17 20 18
1151: 19 9 14
1152: 5 15 13
1153: 13 19 16
1154: 3 13 7
1155: 11 17 4
1156: 3 19 11
1157: 15 11 16
1158: 9 17 14
1159: 2 5 8
1160: 14 12 7
1161: 2 17 12
1162: 20 5 7
1163: 19 5 17
1164: 8 4 15
1165: 19 6 3
1166: 2 12 17
1167: 5 15 4
1168: 17 8 4
1169: 7 8 14
1170: 12 11 18
1171: 6 14 15
1172: 2 3 7
1173: 15 11 20
1174: 13 19 6
1175: 20 10 11
1176: 20 19 4
1177: 3 15 20
1178: 3 18 14
1179: 1 11 12
1180: 15 6 2
1181: 8 6 2
1182: 15 11 7
1183: 15 14 13
1184: 9 1 10
1185: 1 13 11
1186: 14 10 17
1187: 1 15 16
1188: 19 13 20
1189: 6 5 18
1190: 3 1 12
1191: 6 16 9
1192: 17 11 8
1193: 16 13 15
1194: 16 20 3
1195: 1 19 15
1196: 5 17 3
1197: 11 20 7
1198: 14 11 10
1199: 16 18 9
1200: 16 2 7
1201: 16 2 17
1202: 9 11 19
1203: 16 3 17
1204: 18 7 5
1205: 2 13 3
1206: 1 16 6
1207: 10 15 2
1208: 14 3 9
1209: 11 3 15
1210: 1 20 15
1211: 12 1 18
1212: 9 18 12
1213: 15 3 20
1214: 18 19 15
1215: 7 1 15
1216: 6 1 17
1217: 2 6 7
1218: 11 4 20
1219: 17 6 16
1220: 12 5 15
1221: 6 9 20
1222: 3 14 8
1223: 6 1 4
1224: 18 2 4
1225: 1 18 5
1226: 20 18 7
1227: 13 16 19
1228: 19 1 17
1229: 19 15 14
1230: 13 7 2
1231: 13 9 5
1232: 9 2 20
1233: 4 14 2
1234: 9 17 8
1235: 16 20 18
1236: 15 14 16
1237: 20 11 1
1238: 14 4 9
1239: 1 13 2
1240: 7 6 1
1241: 9 16 12
1242: 16 8 15
1243: 8 16 11
1244: 1 15 3
1245: 15 7 8
1246: 9 3 2
1247: 20 5 3
1248: 20 3 10
1249: 15 11 13
1250: 16 5 14
1251: 8 17 5
1252: 2 6 11
1253: 13 9 8
1254: 15 6 19
1255: 14 10 1
1256: 16 7 15
1257: 6 1 19
1258: 17 13 7
1259: 2 17 3
1260: 4 6 7
1261: 8 13 9
1262: 20 8 6
1263: 14 8 6
1264: 16 4 2
1265: 8 7 4
1266: 11 16 15
1267: 7 9 5
1268: 17 7 13
1269: 9 5 10
1270: 10 18 5
1271: 14 17 15
1272: 4 2 1
1273: 1 3 6
1274: 11 18 12
1275: 2 20 1
1276: 3 18 14
1277: 17 10 2
1278: 4 17 20
1279: 11 10 2
1280: 15 17 10
1281: 17 11 13
1282: 11 1 2
1283: 2 11 13
1284: 10 4 20
1285: 12 9 18
1286: 20 17 3
1287: 1 4 2
1288: 18 13 19
1289: 17 9 2
1290: 3 19 10
1291: 20 9 3
1292: 1 10 3
1293: 8 3 15
1294: 12 3 20
1295: 1 14 9
1296: 9 2 3
1297: 3 13 16
1298: 16 19 4
1299: 5 10 7
1300: 12 4 14
1301: 5 19 9
1302: 18 1 16
1303: 11 3 14
1304: 6 1 11
1305: 2 11 7
1306: 10 5 16
1307: 6 19 3
1308: 20 12 8
1309: 3 6 11
1310: 14 13 17
1311: 2 7 8
1312: 6 8 18
1313: 18 12 17
1314: 12 1 8
1315: 15 18 1
1316: 10 20 1
1317: 19 8 12
1318: 12 15 11
1319: 19 17 13
1320: 7 18 19
1321: 1 17 19
1322: 3 1 10
1323: 12 16 6
1324: 1 7 13
1325: 11 6 12
1326: 10 3 11
1327: 9 12 7
1328: 1 10 12
1329: 6 11 2
1330: 17 4 2
1331: 14 17 16
1332: 2 16 6
1333: 1 5 4
1334: 16 5 9
1335: 6 13 20
1336: 19 17 18
1337: 17 5 15
1338: 9 4 8
1339: 19 2 10
1340: 2 11 15
1341: 15 8 20
1342: 10 2 5
1343: 16 2 8
1344: 4 13 18
1345: 7 13 11
1346: 2 3 5
1347: 9 4 18
1348: 17 7 5
1349: 16 11 18
1350: 2 9 3
1351: 9 18 14
1352: 4 11 20
1353: 14 10 20
1354: 12 6 5
1355: 16 1 6
1356: 18 3 13
1357: 17 2 15
1358: 2 19 8
1359: 7 5 6
1360: 17 14 12
1361: 1 12 6
1362: 9 1 18
1363: 13 17 1
1364: 3 16 4
1365: 13 19 6
1366: 8 10 18
1367: 20 12 15
1368: 10 20 12
1369: 2 18 13
1370: 10 14 2
1371: 4 17 3
1372: 6 10 18
1373: 4 13 1
1374: 4 5 1
1375: 8 18 11
1376: 7 14 15
1377: 18 11 14
1378: 7 1 11
1379: 14 20 12
1380: 2 3 6
1381: 18 14 15
1382: 16 7 10
1383: 15 17 2
1384: 18 5 15
1385: 16 17 1
1386: 19 11 13
1387: 8 3 6
1388: 13 12 7
1389: 14 17 19
1390: 16 14 10
1391: 15 10 16
1392: 12 1 11
1393: 11 8 19
1394: 9 7 16
1395: 10 6 5
1396: 4 1 16
1397: 5 18 10
1398: 1 2 6
1399: 6 18 5
1400: 11 5 15
1401: 19 15 5
1402: 9 14 13
1403: 5 14 20
1404: 14 16 6
1405: 3 4 5
1406: 18 1 20
1407: 17 13 11
1408: 18 16 12
1409: 5 16 1
1410: 17 20 16
1411: 18 19 12
1412: 17 12 6
1413: 10 11 6
1414: 15 19 13
1415: 9 16 4
1416: 14 7 18
1417: 12 15 17
1418: 16 5 19
1419: 13 10 1
1420: 2 10 9
1421: 6 13 17
1422: 11 5 13
1423: 12 16 3
1424: 7 9 1
1425: 1 10 20
1426: 18 3 10
1427: 3 2 12
1428: 3 7 1
1429: 16 12 4
1430: 1 4 3
1431: 17 11 3
1432: 15 3 8
1433: 13 17 8
1434: 15 10 5
1435: 7 14 11
1436: 11 10 13
1437: 18 6 9
1438: 19 5 1
1439: 12 6 16
1440: 8 14 10
1441: 10 12 7
1442: 11 13 9
1443: 19 13 6
1444: 12 4 1
1445: 7 20 16
1446: 9 8 19
1447: 5 10 6
1448: 4 16 8
1449: 8 20 11
1450: 6 19 17
1451: 3 20 6
1452: 18 2 17
1453: 6 7 13
1454: 4 8 16
1455: 4 15 7
1456: 1 17 3
1457: 6 3 18
1458: 12 16 1
1459: 2 12 15
1460: 9 7 3
1461: 6 5 12
1462: 1 16 3
1463: 2 5 16
1464: 11 10 4
1465: 16 1 17
1466: 15 14 16
1467: 9 18 20
1468: 15 8 16
1469: 3 13 2
1470: 16 1 14
1471: 12 13 4
1472: 15 3 10
1473: 11 2 1
1474: 19 15 13
1475: 6 7 16
1476: 15 7 20
1477: 16 17 6
1478: 15 12 17
1479: 13 11 1
1480: 2 12 8
1481: 9 11 15
1482: 5 1 8
1483: 19 12 3
1484: 3 20 12
1485: 1 10 14
1486: 8 6 7
1487: 17 2 9
1488: 8 3 6
1489: 10 15 7
1490: 17 5 9
1491: 11 4 3
1492: 9 20 13
1493: 20 4 11
1494: 10 11 13
1495: 3 10 7
1496: 15 2 3
1497: 11 15 19
1498: 2 18 20
1499: 12 14 6
1500: 19 3 8
1501: 9 17 11
1502: 12 20 15
1503: 15 19 18
1504: 12 10 16
1505: 1 17 19
1506: 8 19 17
1507: 13 9 4
1508: 12 19 13
1509: 17 2 15
1510: 20 16 2
1511: 7 5 4
1512: 2 15 3
1513: 11 14 15
1514: 19 15 13
1515: 17 4 2
1516: 1 18 4
1517: 16 18 6
1518: 20 2 4
1519: 20 2 6
1520: 18 14 10
1521: 12 3 13
1522: 13 15 4
1523: 6 15 4
1524: 2 7 3
1525: 7 20 6
1526: 19 11 6
1527: 17 6 12
1528: 1 12 8
1529: 7 16 20
1530: 12 17 16
1531: 7 14 16
1532: 11 2 5
1533: 19 4 3
1534: 8 2 5
1535: 17 20 11
1536: 6 4 16
1537: 12 18 17
1538: 15 8 13
1539: 12 13 11
1540: 4 15 14
1541: 1 7 13
1542: 16 4 8
1543: 2 3 17
1544: 15 18 10
1545: 5 18 13
1546: 4 6 3
1547: 8 20 3
1548: 8 5 19
1549: 6 5 1
1550: 19 7 15
1551: 5 16 11
1552: 19 10 6
1553: 8 12 3
1554: 9 20 17
1555: 3 2 18
1556: 9 7 20
1557: 4 8 11
1558: 5 7 14
1559: 20 19 18
1560: 18 13 10
1561: 16 4 19
1562: 16 5 10
1563: 17 16 1
1564: 7 6 10
1565: 9 19 6
1566: 20 10 4
1567: 1 19 17
1568: 11 19 16
1569: 9 11 2
1570: 2 13 1
1571: 14 10 20
1572: 16 9 2
1573: 1 19 14
1574: 13 17 6
1575: 10 14 17
1576: 9 13 2
1577: 17 12 10
1578: 9 6 20
1579: 13 5 9
1580: 3 7 16
1581: 12 1 10
1582: 1 20 13
1583: 9 16 10
1584: 8 10 14
1585: 16 5 8
1586: 5 11 14
1587: 5 6 8
1588: 16 12 8
1589: 15 14 1
1590: 7 16 5
1591: 19 4 16
1592: 16 14 11
1593: 19 14 12
1594: 11 3 10
1595: 10 9 18
1596: 15 1 11
1597: 6 9 20
1598: 9 1 11
1599: 2 4 3
1600: 9 10 5
1601: 4 12 15
1602: 20 12 8
1603: 1 5 2
1604: 16 6 12
1605: 1 14 3
1606: 17 4 3
1607: 6 13 11
1608: 8 13 2
1609: 18 9 5
1610: 12 9 17
1611: 1 9 14
1612: 1 6 2
1613: 12 20 3
1614: 5 7 18
1615: 11 20 19
1616: 3 8 4
1617: 13 7 2
1618: 15 8 18
1619: 2 5 1
1620: 14 5 8
1621: 2 17 20
1622: 9 12 19
1623: 10 3 2
1624: 2 18 1
1625: 10 9 2
1626: 7 12 15
1627: 19 1 12
1628: 16 2 1
1629: 2 7 9
1630: 3 6 7
1631: 13 10 14
1632: 14 3 4
1633: 4 10 6
1634: 1 7 15
1635: 2 12 1
1636: 6 17 13
1637: 16 17 3
1638: 2 9 8
1639: 19 10 1
1640: 1 17 16
1641: 5 14 20
1642: 2 17 12
1643: 14 9 2
1644: 14 7 15
1645: 16 1 13
1646: 1 14 9
1647: 17 7 8
1648: 13 19 17
1649: 6 12 19
1650: 18 17 13
1651: 17 2 16
1652: 6 8 2
1653: 11 18 12
1654: 19 7 9
1655: 12 14 11
1656: 5 7 17
1657: 15 3 18
1658: 7 12 10
1659: 15 1 3
1660: 3 1 5
1661: 20 19 14
1662: 4 18 20
1663: 19 1 7
1664: 1 12 8
1665: 5 20 18
1666: 17 20 8
1667: 19 13 11
1668: 16 7 15
1669: 19 5 10
1670: 16 3 17
1671: 14 9 1
1672: 2 4 14
1673: 14 5 2
1674: 4 17 6
1675: 13 8 9
1676: 4 16 10
1677: 7 10 14
1678: 16 5 14
1679: 5 2 3
1680: 14 2 8
1681: 11 20 6
1682: 14 4 5
1683: 9 19 16
1684: 4 11 19
1685: 12 4 15
1686: 1 9 5
1687: 8 12 13
1688: 18 10 3
1689: 13 6 9
1690: 3 13 1
1691: 13 17 14
1692: 3 5 10
1693: 20 4 7
1694: 8 17 4
1695: 1 3 17
1696: 3 5 8
1697: 9 19 11
1698: 11 6 12
1699: 3 1 15
1700: 15 3 11
1701: 1 9 10
1702: 13 9 19
1703: 4 12 16
1704: 3 1 8
1705: 20 4 19
1706: 7 16 4
1707: 5 16 14
1708: 7 1 2
1709: 15 3 10
1710: 15 6 9
1711: 1 9 5
1712: 8 11 2
1713: 16 2 13
1714: 13 17 8
1715: 5 17 3
1716: 12 15 13
1717: 19 1 11
1718: 16 9 5
1719: 13 8 15
1720: 7 3 6
1721: 7 2 10
1722: 16 17 2
1723: 20 19 5
1724: 15 4 16
1725: 11 14 16
1726: 14 13 20
1727: 15 19 12
1728: 20 19 1
1729: 16 8 13
1730: 1 7 16
1731: 10 1 7
1732: 2 1 18
1733: 1 18 9
1734: 8 12 7
1735: 11 12 16
1736: 4 1 12
1737: 15 20 10
1738: 17 8 3
1739: 12 17 13
1740: 15 6 5
1741: 10 16 18
1742: 6 9 12
1743: 10 20 9
1744: 11 20 9
1745: 9 13 15
1746: 18 5 16
1747: 11 14 15
1748: 12 2 5
1749: 10 9 16
1750: 8 15 2
1751: 10 3 6
1752: 15 4 7
1753: 8 18 15
1754: 10 8 13
1755: 11 18 16
1756: 7 20 14
1757: 14 15 8
1758: 13 19 9
1759: 1 16 7
1760: 16 11 20
1761: 12 16 2
1762: 4 13 10
1763: 5 10 15
1764: 10 12 11
1765: 10 6 14
1766: 8 14 6
1767: 11 17 18
1768: 14 16 1
1769: 2 9 14
1770: 3 13 16
1771: 12 2 3
1772: 17 5 19
1773: 3 7 8
1774: 3 14 5
1775: 11 14 17
1776: 12 1 17
1777: 9 6 1
1778: 4 20 13
1779: 19 8 4
1780: 7 8 1
1781: 15 17 20
1782: 19 10 16
1783: 8 3 12
1784: 8 6 2
1785: 18 15 19
1786: 8 13 6
1787: 13 5 19
1788: 9 18 6
1789: 20 3 9
1790: 4 18 9
1791: 13 3 1
1792: 12 1 17
1793: 13 14 12
1794: 13 8 4
1795: 14 9 5
1796: 4 17 6
1797: 19 7 3
1798: 14 11 15
1799: 2 4 9
1800: 3 9 14
1801: 6 7 4
1802: 6 15 8
1803: 6 10 20
1804: 19 7 4
1805: 19 11 3
1806: 8 19 10
1807: 14 10 11
1808: 17 19 8
1809: 2 17 5
1810: 4 10 14
1811: 2 19 4
1812: 18 13 19
1813: 20 18 3
1814: 4 8 18
1815: 2 10 11
1816: 14 10 6
1817: 10 15 4
1818: 5 3 10
1819: 11 20 1
1820: 9 13 10
1821: 12 9 11
1822: 6 15 5
1823: 17 18 2
1824: 3 10 15
1825: 8 1 15
1826: 10 4 12
1827: 14 8 20
1828: 9 4 12
1829: 5 12 9
1830: 18 9 20
1831: 9 8 11
1832: 19 2 8
1833: 14 10 13
1834: 10 16 20
1835: 4 6 7
1836: 19 16 18
1837: 19 7 10
1838: 2 17 5
1839: 8 15 1
1840: 8 11 4
1841: 4 8 11
1842: 18 5 11
1843: 16 19 15
1844: 20 12 8
1845: 16 15 13
1846: 7 9 11
1847: 13 15 16
1848: 12 19 16
1849: 7 4 14
1850: 14 20 17
1851: 13 10 14
1852: 9 6 11
1853: 7 4 17
1854: 18 13 1
1855: 8 11 3
1856: 19 9 15
1857: 1 6 11
1858: 16 18 11
1859: 3 19 11
1860: 13 5 4
1861: 14 11 7
1862: 19 6 12
1863: 19 7 20
1864: 9 17 8
1865: 13 3 20
1866: 13 9 12
1867: 20 8 7
1868: 15 17 18
1869: 3 2 12
1870: 3 17 10
1871: 2 20 11
1872: 7 15 6
1873: 2 14 15
1874: 9 19 10
1875: 3 11 17
1876: 6 14 10
1877: 9 16 13
1878: 2 9 14
1879: 4 10 6
1880: 1 4 12
1881: 17 4 3
1882: 16 2 8
1883: 4 1 10
1884: 19 16 6
1885: 4 20 18
1886: 1 16 19
1887: 17 5 1
1888: 20 5 6
1889: 10 3 4
1890: 1 17 13
1891: 2 7 4
1892: 16 17 10
1893: 10 19 13
1894: 14 15 2
1895: 16 1 11
1896: 3 1 16
1897: 6 2 5
1898: 8 7 9
1899: 7 15 18
1900: 4 3 6
1901: 8 20 13
1902: 9 8 7
1903: 3 14 15
1904: 20 8 11
1905: 2 1 20
1906: 14 10 2
1907: 20 12 13
1908: 2 20 17
1909: 17 19 8
1910: 10 3 1
1911: 20 1 12
1912: 2 3 13
1913: 12 8 3
1914: 15 7 16
1915: 10 8 5
1916: 3 4 6
1917: 4 10 7
1918: 1 17 15
1919: 9 7 4
1920: 9 7 6
1921: 18 3 12
1922: 17 5 3
1923: 3 15 8
1924: 18 16 5
1925: 7 17 2
1926: 4 12 2
1927: 17 9 7
1928: 14 8 12
1929: 20 4 6
1930: 12 18 15
1931: 6 20 11
1932: 6 14 8
1933: 15 2 16
1934: 10 3 8
1935: 19 10 12
1936: 2 6 12
1937: 7 6 19
1938: 3 7 14
1939: 7 16 12
1940: 4 7 13
1941: 2 19 16
1942: 7 14 13
1943: 8 1 17
1944: 12 2 3
1945: 10 15 7
1946: 11 18 7
1947: 1 20 14
1948: 6 11 4
1949: 10 9 2
1950: 10 15 4
1951: 8 19 17
1952: 14 16 11
1953: 16 15 13
1954: 16 6 15
1955: 11 20 10
1956: 19 15 18
1957: 2 10 11
1958: 20 6 10
1959: 2 5 1
1960: 16 15 4
1961: 18 20 2
1962: 5 8 3
1963: 6 3 10
1964: 13 16 6
1965: 10 20 13
1966: 5 4 18
1967: 20 12 18
1968: 15 12 13
1969: 14 11 2
1970: 12 5 6
1971: 3 2 7
1972: 17 18 6
1973: 17 1 6
1974: 4 19 8
1975: 1 8 10
1976: 7 5 2
1977: 6 7 1
1978: 10 5 20
1979: 18 10 3
1980: 17 1 15
1981: 9 15 11
1982: 15 12 19
1983: 12 6 15
1984: 11 13 8
1985: 12 8 2
1986: 17 8 12
1987: 16 14 17
1988: 13 6 18
1989: 11 5 17
1990: 3 2 16
1991: 19 18 20
1992: 18 16 7
1993: 10 3 14
1994: 9 12 5
1995: 4 13 1
1996: 5 11 10
1997: 11 7 17
1998: 12 18 4
1999: 13 3 5
2000: 8 16 12
2001: 11 4 15
2002: 1 2 6
2003: 6 13 2
2004: 5 11 19
2005: 3 6 15
2006: 12 11 17
2007: 4 14 7
2008: 11 19 8
2009: 10 20 3
2010: 2 12 9
2011: 5 17 11
2012: 15 16 20
2013: 16 1 11
2014: 11 1 4
2015: 9 2 12
2016: 11 12 13
2017: 6 17 7
2018: 10 5 2
2019: 5 7 6
2020: 18 15 9
2021: 17 16 3
2022: 11 1 20
2023: 20 2 8
2024: 12 17 13
2025: 16 11 13
2026: 3 18 6
2027: 19 3 4
2028: 5 20 19
2029: 10 12 7
2030: 7 4 9
2031: 15 11 16
2032: 6 1 8
2033: 10 11 4
2034: 13 5 7
2035: 14 9 20
2036: 14 15 13
2037: 5 18 17
2038: 7 1 19
2039: 5 19 6
2040: 16 8 14
2041: 11 18 6
2042: 9 2 1
2043: 6 5 15
2044: 1 2 11
2045: 5 17 6
2046: 12 10 11
2047: 18 11 10
2048: 5 8 18
2049: 16 8 11
2050: 15 8 18
2051: 16 11 6
2052: 4 5 14
2053: 6 3 4
2054: 1 8 20
2055: 7 12 15
2056: 2 18 8
2057: 10 20 11
2058: 10 15 14
2059: 6 2 5
2060: 3 9 10
2061: 12 14 7
2062: 1 13 17
2063: 10 20 13
2064: 3 19 12
2065: 1 9 18
2066: 18 11 8
2067: 19 18 6
2068: 19 8 20
2069: 15 18 11
2070: 17 15 7
2071: 16 1 7
2072: 6 13 20
2073: 9 1 17
2074: 10 17 4
2075: 11 9 18
2076: 12 18 9
2077: 6 11 18
2078: 10 3 18
2079: 18 15 7
2080: 3 15 13
2081: 4 15 8
2082: 7 16 12
2083: 10 14 17
2084: 20 1 7
2085: 9 6 12
2086: 5 13 11
2087: 2 20 1
2088: 18 6 1
2089: 9 18 20
2090: 14 9 18
2091: 17 2 20
2092: 2 14 9
2093: 7 2 10
2094: 13 10 9
2095: 17 2 8
2096: 10 12 14
2097: 3 11 20
2098: 6 20 15
2099: 9 7 15
2100: 15 1 20
2101: 8 13 19
2102: 5 20 10
2103: 10 1 17
2104: 13 7 18
2105: 10 4 8
2106: 16 2 5
2107: 14 1 2
2108: 17 1 14
2109: 5 4 11
2110: 17 14 9
2111: 20 2 7
2112: 15 6 4
2113: 15 4 3
2114: 2 15 5
2115: 7 19 14
2116: 4 5 17
2117: 8 14 15
2118: 12 9 6
2119: 8 11 6
2120: 1 5 12
2121: 20 15 16
2122: 1 14 18
2123: 9 12 14
2124: 20 13 11
2125: 16 15 17
2126: 10 18 15
2127: 5 15 14
2128: 16 13 11
2129: 9 10 1
2130: 7 18 10
2131: 12 9 14
2132: 14 13 20
2133: 8 2 9
2134: 3 12 9
2135: 19 7 16
2136: 3 15 12
2137: 12 8 18
2138: 1 4 5
2139: 19 9 16
2140: 20 15 8
2141: 1 16 10
2142: 19 9 6
2143: 20 10 9
2144: 19 15 13
2145: 9 6 4
2146: 1 4 9
2147: 7 14 6
2148: 5 17 6
2149: 20 13 19
2150: 16 18 6
2151: 2 10 5
2152: 7 13 1
2153: 1 3 13
2154: 1 18 12
2155: 8 10 19
2156: 13 11 10
2157: 10 14 12
2158: 10 16 14
2159: 13 14 15
2160: 20 8 18
2161: 1 5 2
2162: 18 10 15
2163: 14 18 17
2164: 10 8 20
2165: 13 8 11
2166: 11 5 8
2167: 19 17 9
2168: 4 6 7
2169: 6 9 4
2170: 19 8 14
2171: 4 6 17
2172: 18 13 11
2173: 11 1 3
2174: 15 7 19
2175: 9 6 1
2176: 8 19 5
2177: 14 9 17
2178: 6 17 13
2179: 20 2 13
2180: 13 18 14
2181: 12 19 8
2182: 13 14 5
2183: 5 15 13
2184: 4 1 8
2185: 19 13 20
2186: 16 7 6
2187: 11 3 18
2188: 15 11 18
2189: 7 13 2
2190: 16 19 3
2191: 1 8 16
2192: 10 17 13
2193: 6 19 11
2194: 1 4 8
2195: 4 13 14
2196: 4 18 3
2197: 20 9 19
2198: 9 19 4
2199: 15 8 17
2200: 16 2 5
2201: 6 16 9
2202: 7 12 10
2203: 3 9 4
2204: 7 5 3
2205: 17 15 4
2206: 2 14 9
2207: 13 11 12
2208: 18 4 11
2209: 4 5 14
2210: 19 15 13
2211: 19 16 8
2212: 10 20 6
2213: 10 16 12
2214: 2 17 11
2215: 17 20 5
2216: 16 15 4
2217: 2 16 13
2218: 18 17 15
2219: 19 1 13
2220: 20 3 6
2221: 20 3 2
2222: 3 9 8
2223: 16 8 2
2224: 9 8 17
2225: 1 5 6
2226: 5 7 9
2227: 2 16 4
2228: 4 20 18
2229: 12 11 5
2230: 13 17 16
2231: 2 20 8
2232: 13 15 5
2233: 19 6 17
2234: 10 1 5
2235: 20 8 19
2236: 10 1 12
2237: 6 17 19
2238: 14 8 10
2239: 6 7 3
2240: 18 16 15
2241: 20 15 13
2242: 3 14 2
2243: 15 12 16
2244: 13 17 18
2245: 4 10 12
2246: 17 18 14
2247: 8 4 6
2248: 10 8 15
2249: 8 20 11
2250: 2 15 7
2251: 11 13 3
2252: 19 2 11
2253: 15 13 3
2254: 17 13 18
2255: 7 8 17
2256: 11 1 3
2257: 19 11 9
2258: 18 15 9
2259: 7 12 20
2260: 3 11 14
2261: 14 19 5
2262: 8 7 9
2263: 8 14 2
2264: 7 18 8
2265: 13 1 12
2266: 6 17 2
2267: 12 8 19
2268: 18 9 19
2269: 3 14 11
2270: 11 10 20
2271: 11 20 6
2272: 12 6 18
2273: 3 15 16
2274: 6 3 7
2275: 18 6 4
2276: 11 18 15
2277: 5 15 3
2278: 8 14 2
2279: 15 11 7
2280: 3 16 8
2281: 11 14 16
2282: 5 9 6
2283: 15 11 17
2284: 4 17 5
2285: 17 1 4
2286: 12 17 15
2287: 14 3 9
2288: 20 3 17
2289: 9 1 6
2290: 14 6 20
2291: 3 11 13
2292: 3 10 11
2293: 20 1 8
2294: 6 17 1
2295: 15 18 6
2296: 10 17 18
2297: 18 13 8
2298: 6 11 19
2299: 9 8 17
2300: 14 15 1
2301: 12 10 20
2302: 12 19 2
2303: 12 20 13
2304: 13 11 9
2305: 10 11 1
2306: 20 9 16
2307: 16 12 18
2308: 19 20 2
2309: 8 19 16
2310: 10 8 7
2311: 6 10 12
2312: 9 6 11
2313: 8 6 2
2314: 11 17 1
2315: 5 12 18
2316: 15 13 4
2317: 7 5 6
2318: 19 6 1
2319: 20 10 11
2320: 19 8 18
2321: 13 8 14
2322: 6 9 3
2323: 14 12 19
2324: 2 16 19
2325: 8 16 14
2326: 20 15 1
2327: 17 10 16
2328: 17 3 18
2329: 5 6 8
2330: 9 8 18
2331: 8 10 13
2332: 8 10 1
2333: 16 2 18
2334: 5 18 12
2335: 17 10 11
2336: 4 20 5
2337: 3 12 20
2338: 14 2 8
2339: 13 5 2
2340: 12 3 5
2341: 17 13 20
2342: 3 19 12
2343: 16 6 5
2344: 2 10 6
2345: 10 4 2
2346: 15 10 19
2347: 10 15 11
2348: 17 16 11
2349: 12 18 20
2350: 2 10 11
2351: 8 14 19
2352: 3 13 7
2353: 1 13 7
2354: 12 14 2
2355: 1 17 18
2356: 15 5 20
2357: 6 13 5
2358: 9 7 12
2359: 4 15 18
2360: 17 6 11
2361: 20 8 12
2362: 11 5 2
2363: 9 18 13
2364: 7 16 4
2365: 10 17 4
2366: 20 7 2
2367: 19 10 5
2368: 17 2 14
2369: 5 4 9
2370: 1 11 7
2371: 16 11 15
2372: 15 12 18
2373: 1 16 9
2374: 3 18 19
2375: 20 3 6
2376: 1 7 3
2377: 6 4 13
2378: 20 7 15
2379: 14 4 18
2380: 11 14 13
2381: 15 19 18
2382: 12 10 6
2383: 10 6 3
2384: 7 4 3
2385: 4 8 14
2386: 2 3 12
2387: 10 6 5
2388: 14 19 3
2389: 18 20 4
2390: 13 12 15
2391: 16 3 2
2392: 1 16 18
2393: 15 6 13
2394: 14 4 8
2395: 9 3 10
2396: 5 1 7
2397: 16 8 13
2398: 15 6 8
2399: 9 17 6
2400: 17 8 1
2401: 5 16 1
2402: 8 14 7
2403: 13 17 20
2404: 9 13 2
2405: 19 10 15
2406: 9 19 12
2407: 20 3 1
2408: 17 7 14
2409: 13 2 5
2410: 11 17 13
2411: 18 15 3
2412: 16 14 1
2413: 13 20 4
2414: 4 13 10
2415: 16 6 15
2416: 18 14 16
2417: 6 3 11
2418: 4 9 2
2419: 12 20 11
2420: 5 8 20
2421: 4 19 13
2422: 18 16 2
2423: 3 17 9
2424: 3 9 13
2425: 8 1 5
2426: 8 4 20
2427: 14 18 9
2428: 13 2 9
2429: 15 18 7
2430: 5 6 11
2431: 20 6 1
2432: 10 20 5
2433: 16 5 11
2434: 6 8 7
2435: 4 15 20
2436: 10 11 2
2437: 19 14 2
2438: 7 15 4
2439: 17 7 20
2440: 20 2 9
2441: 10 5 16
2442: 18 1 2
2443: 11 17 1
2444: 2 12 13
2445: 17 6 13
2446: 4 8 11
2447: 12 1 3
2448: 8 16 17
2449: 19 16 8
2450: 19 10 11
2451: 12 17 9
2452: 13 18 3
2453: 2 14 18
2454: 2 11 12
2455: 1 9 13
2456: 6 14 5
2457: 1 18 2
2458: 7 4 5
2459: 6 11 9
2460: 18 12 6
2461: 2 12 11
2462: 5 2 16
2463: 11 15 8
2464: 4 8 14
2465: 3 11 2
2466: 1 5 11
2467: 13 15 16
2468: 18 16 6
2469: 17 19 11
2470: 8 2 12
2471: 20 10 6
2472: 10 15 4
2473: 10 20 5
2474: 12 1 5
2475: 14 17 13
2476: 4 2 14
2477: 6 4 19
2478: 2 13 6
2479: 15 3 18
2480: 13 8 19
2481: 3 17 16
2482: 12 4 18
2483: 10 13 3
2484: 6 10 16
2485: 13 16 10
2486: 6 1 7
2487: 7 3 4
2488: 11 5 10
2489: 19 17 12
2490: 13 14 17
2491: 7 8 15
2492: 9 17 8
2493: 8 5 15
2494: 10 2 16
2495: 1 5 2
2496: 16 20 13
2497: 16 11 15
2498: 10 14 5
2499: 6 18 8
2500: 20 4 14
2501: 14 4 2
2502: 7 8 4
2503: 4 20 8
2504: 19 8 18
2505: 20 3 14
2506: 1 17 19
2507: 16 7 18
2508: 14 7 1
2509: 15 5 4
2510: 17 14 5
2511: 6 3 4
2512: 12 8 13
2513: 11 13 10
2514: 17 14 6
2515: 8 12 11
2516: 13 18 6
2517: 7 18 14
2518: 17 4 12
2519: 18 9 5
2520: 15 1 7
2521: 15 7 4
2522: 7 18 16
2523: 4 15 5
2524: 4 10 5
2525: 2 10 20
2526: 11 5 9
2527: 14 4 3
2528: 20 19 11
2529: 2 8 18
2530: 14 19 18
2531: 1 8 16
2532: 2 20 7
2533: 14 3 13
2534: 14 17 4
2535: 9 14 11
2536: 6 5 7
2537: 18 3 7
2538: 7 6 15
2539: 8 17 3
2540: 12 11 6
2541: 2 11 12
2542: 8 11 17
2543: 15 6 9
2544: 1 16 8
2545: 8 16 3
2546: 12 11 17
2547: 16 15 2
2548: 10 13 11
2549: 17 14 7
2550: 15 9 6
2551: 16 18 15
2552: 3 18 15
2553: 4 1 7
2554: 12 20 17
2555: 10 20 9
2556: 4 6 8
2557: 20 7 5
2558: 6 1 14
2559: 8 2 7
2560: 19 1 5
2561: 13 3 4
2562: 16 10 6
2563: 3 15 6
2564: 2 11 16
2565: 7 6 8
2566: 4 16 15
2567: 7 4 13
2568: 20 6 10
2569: 16 10 12
2570: 4 19 7
2571: 14 9 3
2572: 15 10 6
2573: 19 11 6
2574: 3 6 5
2575: 13 8 4
2576: 9 8 5
2577: 6 20 5
2578: 13 5 20
2579: 12 18 4
2580: 3 7 2
2581: 17 10 11
2582: 1 7 14
2583: 14 4 3
2584: 4 11 12
2585: 15 13 8
2586: 4 6 8
2587: 4 15 7
2588: 19 7 11
2589: 14 17 19
2590: 12 2 1
2591: 19 14 7
2592: 16 15 2
2593: 18 15 12
2594: 13 8 6
2595: 19 3 18
2596: 8 16 12
2597: 7 18 11
2598: 8 2 7
2599: 19 15 6
2600: 4 20 12
2601: 14 7 8
2602: 8 5 6
2603: 19 4 20
2604: 6 4 2
2605: 15 4 18
2606: 18 4 11
2607: 1 9 12
2608: 5 3 7
2609: 17 9 2
2610: 7 14 9
2611: 10 11 15
2612: 20 8 13
2613: 17 11 12
2614: 9 20 18
2615: 17 14 4
2616: 19 13 2
2617: 2 7 8
2618: 3 12 6
2619: 8 15 20
2620: 10 5 14
2621: 3 8 14
2622: 12 14 6
2623: 11 20 4
2624: 11 14 12
2625: 18 11 10
2626: 16 8 14
2627: 12 3 10
2628: 1 7 11
2629: 8 6 20
2630: 15 2 9
2631: 3 14 12
2632: 11 15 3
2633: 11 15 20
2634: 17 11 3
2635: 15 18 3
2636: 4 1 19
2637: 11 19 15
2638: 18 19 15
2639: 5 15 6
2640: 9 11 18
2641: 3 15 13
2642: 7 19 15
2643: 13 10 4
2644: 13 19 7
2645: 13 11 15
2646: 15 9 8
2647: 9 8 10
2648: 7 2 17
2649: 14 20 9
2650: 20 10 9
2651: 7 2 1
2652: 9 11 4
2653: 18 1 7
2654: 17 2 13
2655: 4 1 16
2656: 17 16 12
2657: 6 2 17
2658: 17 12 13
2659: 10 19 13
2660: 20 7 18
2661: 20 5 4
2662: 19 18 15
2663: 1 6 9
2664: 4 20 8
2665: 2 1 6
2666: 18 3 1
2667: 4 5 10
2668: 13 5 14
2669: 14 9 15
2670: 10 11 7
2671: 14 1 6
2672: 10 7 17
2673: 10 13 19
2674: 6 2 13
2675: 9 17 12
2676: 18 19 7
2677: 4 6 7
2678: 18 1 7
2679: 8 7 20
2680: 5 10 13
2681: 12 5 3
2682: 10 7 8
2683: 8 3 5
2684: 20 10 19
2685: 19 15 13
2686: 9 2 12
2687: 3 14 4
2688: 13 4 9
2689: 8 20 3
2690: 18 8 15
2691: 20 4 5
2692: 1 11 7
2693: 11 3 5
2694: 11 18 10
2695: 16 13 6
2696: 7 14 11
2697: 8 19 5
2698: 13 5 2
2699: 15 19 4
2700: 12 4 11
2701: 5 6 4
2702: 8 1 14
2703: 1 19 20
2704: 2 15 18
2705: 12 6 20
2706: 5 2 20
2707: 20 6 7
2708: 18 2 7
2709: 14 16 18
2710: 3 17 19
2711: 5 9 4
2712: 12 16 15
2713: 14 5 4
2714: 15 18 16
2715: 2 5 7
2716: 1 17 4
2717: 8 19 14
2718: 19 5 1
2719: 9 5 10
2720: 2 3 1
2721: 17 8 14
2722: 5 6 12
2723: 14 12 9
2724: 18 5 3
2725: 18 6 16
2726: 5 1 20
2727: 12 20 19
2728: 17 13 4
2729: 17 1 12
2730: 6 4 5
2731: 5 1 15
2732: 19 2 9
2733: 5 20 19
2734: 13 6 19
2735: 9 7 20
2736: 16 12 4
2737: 4 12 14
2738: 15 2 20
2739: 3 5 17
2740: 2 19 1
2741: 6 19 14
2742: 18 3 5
2743: 6 14 15
2744: 18 8 11
2745: 16 8 10
2746: 8 14 19
2747: 2 9 1
2748: 8 17 7
2749: 4 18 16
2750: 1 20 11
2751: 6 8 5
2752: 8 4 17
2753: 13 16 3
2754: 11 7 20
2755: 10 17 20
2756: 19 7 6
2757: 20 5 14
2758: 11 14 3
2759: 20 18 4
2760: 16 3 5
2761: 16 9 7
2762: 11 12 2
2763: 13 3 16
2764: 14 4 10
2765: 12 5 1
2766: 11 1 8
2767: 9 15 4
2768: 7 5 16
2769: 9 14 2
2770: 17 13 4
2771: 11 6 19
2772: 14 17 8
2773: 10 11 2
2774: 10 18 20
2775: 9 8 20
2776: 10 2 6
2777: 6 11 20
2778: 1 19 12
2779: 13 9 18
2780: 5 9 14
2781: 5 17 19
2782: 20 5 15
2783: 5 19 2
2784: 14 3 13
2785: 4 15 14
2786: 5 7 13
2787: 15 16 7
2788: 18 2 19
2789: 16 1 15
2790: 4 1 9
2791: 18 8 10
2792: 12 15 5
2793: 12 9 10
2794: 3 16 4
2795: 12 16 20
2796: 10 20 3
2797: 14 13 6
2798: 5 15 2
2799: 9 12 10
2800: 4 19 12
2801: 8 1 13
2802: 6 1 3
2803: 13 12 5
2804: 19 1 15
2805: 1 14 2
2806: 18 1 4
2807: 19 3 20
2808: 14 1 5
2809: 11 9 14
2810: 15 1 14
2811: 5 15 20
2812: 13 6 11
2813: 20 1 19
2814: 10 20 19
2815: 4 13 14
2816: 11 10 9
2817: 15 7 17
2818: 3 11 16
2819: 6 19 16
2820: 12 18 6
2821: 4 18 17
2822: 12 17 2
2823: 11 19 6
2824: 16 19 3
2825: 3 14 6
2826: 18 15 9
2827: 13 16 6
2828: 2 5 8
2829: 17 7 4
2830: 13 20 16
2831: 13 2 11
2832: 3 18 14
2833: 16 6 19
2834: 8 14 20
2835: 9 14 11
2836: 1 12 4
2837: 15 10 8
2838: 13 1 14
2839: 8 16 14
2840: 13 2 14
2841: 4 3 2
2842: 17 1 10
2843: 2 5 8
2844: 15 11 20
2845: 3 20 7
2846: 19 6 12
2847: 13 3 14
2848: 20 15 2
2849: 3 6 16
2850: 13 4 11
2851: 14 18 16
2852: 6 16 14
2853: 9 4 18
2854: 8 12 20
2855: 16 11 3
2856: 3 8 2
2857: 15 17 6
2858: 8 19 12
2859: 9 13 18
2860: 16 5 6
2861: 16 7 19
2862: 6 12 9
2863: 18 13 4
2864: 1 18 6
2865: 2 6 18
2866: 2 1 5
2867: 11 10 6
2868: 18 4 6
2869: 5 18 7
2870: 12 6 4
2871: 12 17 6
2872: 15 9 18
2873: 4 7 12
2874: 3 11 2
2875: 12 16 3
2876: 5 13 15
2877: 15 3 11
2878: 20 19 8
2879: 3 17 7
2880: 11 3 9
2881: 19 5 16
2882: 1 6 11
2883: 14 11 1
2884: 2 14 17
2885: 10 14 13
2886: 1 15 13
2887: 19 10 20
2888: 18 2 6
2889: 18 9 11
2890: 2 13 7
2891: 9 7 20
2892: 4 20 6
2893: 3 8 16
2894: 9 14 7
2895: 8 14 6
2896: 15 12 3
2897: 5 20 13
2898: 16 11 8
2899: 13 11 9
2900: 1 6 4
2901: 8 1 16
2902: 13 3 15
2903: 14 15 7
2904: 16 19 13
2905: 8 14 11
2906: 2 11 18
2907: 15 16 4
2908: 15 2 1
2909: 17 8 19
2910: 8 16 13
2911: 17 3 15
2912: 8 4 1
2913: 11 3 19
2914: 20 19 6
2915: 20 11 8
2916: 9 12 18
2917: 10 12 11
2918: 4 10 7
2919: 2 6 18
2920: 4 7 13
2921: 13 3 10
2922: 7 20 17
2923: 3 19 7
2924: 2 8 18
2925: 9 10 4
2926: 6 9 3
2927: 9 20 6
2928: 4 9 3
2929: 20 8 13
2930: 10 3 14
2931: 9 18 12
2932: 3 14 19
2933: 10 3 4
2934: 17 7 13
2935: 10 18 19
2936: 16 5 11
2937: 14 5 4
2938: 16 6 14
2939: 12 17 18
2940: 20 16 9
2941: 11 17 15
2942: 6 3 15
2943: 13 10 20
2944: 7 14 18
2945: 20 8 9
2946: 14 6 3
2947: 13 3 7
2948: 20 12 6
2949: 8 7 6
2950: 19 7 5
2951: 4 15 8
2952: 7 16 17
2953: 11 4 14
2954: 19 11 13
2955: 17 11 20
2956: 15 1 18
2957: 14 5 3
2958: 15 8 18
2959: 8 12 20
2960: 4 20 14
2961: 9 13 20
2962: 4 15 16
2963: 15 5 4
2964: 12 16 5
2965: 20 4 8
2966: 10 8 12
2967: 20 16 17
2968: 12 18 15
2969: 13 19 17
2970: 20 19 10
2971: 19 20 10
2972: 5 17 18
2973: 12 4 14
2974: 14 13 11
2975: 20 17 19
2976: 11 13 10
2977: 4 16 3
2978: 13 16 7
2979: 15 12 7
2980: 17 7 15
2981: 10 5 18
2982: 5 1 6
2983: 3 8 9
2984: 2 18 19
2985: 19 14 18
2986: 12 20 9
2987: 16 6 10
2988: 10 9 11
2989: 3 8 12
2990: 17 8 18
2991: 5 11 15
2992: 2 1 5
2993: 6 17 1
2994: 13 6 9
2995: 16 10 15
2996: 3 11 1
2997: 20 3 10
2998: 8 19 7
2999: 20 11 4
3000: 20 3 7