1: 1 11 6 2 7
2: 8 12 6 11 5
3: 4 19 17 3 8
4: 5 9 14 2 8
5: 4 5 6 8 2
6: 18 9 1 13 8
7: 16 5 15 11 1
8: 1 4 13 19 17
9: 18 1 4 10 20
10: 13 18 7 5 1
11: 17 20 5 16 11
12: 3 20 11 15 8
13: 13 20 12 15 16
14: 14 4 6 12 9
15: 16 13 2 20 1
16: 7 8 20 10 6
17: 6 19 3 17 15
18: 8 12 14 16 13
19: 7 4 16 15 9
20: 7 5 14 11 1
21: 4 3 14 8 18
22: 12 18 13 6 16
23: 3 10 17 9 8
24: 19 20 3 10 11
25: 1 3 14 20 18
26: 9 18 7 17 8
27: 1 13 12 8 4
28: 5 15 8 2 13
29: 10 11 15 7 8
30: 20 2 8 10 13
31: 8 9 3 13 2
32: 10 8 6 14 12
33: 15 11 2 9 19
34: 4 14 13 11 3
35: 11 20 6 18 1
36: 2 5 16 1 15
37: 2 12 3 7 11
38: 9 1 14 13 10
39: 1 12 9 16 14
40: 6 18 12 15 10
41: 20 19 11 10 15
42: 9 8 16 1 13
43: 13 8 3 6 1
44: 6 15 3 8 18
45: 10 1 14 5 20
46: 3 15 2 6 13
47: 12 8 6 10 3
48: 11 17 16 3 2
49: 6 11 7 10 15
50: 18 9 7 6 8
51: 7 4 2 9 17
52: 5 19 9 8 10
53: 5 20 19 17 13
54: 4 18 10 15 12
55: 8 2 17 5 3
56: 8 4 12 15 5
57: 14 1 19 13 6
58: 10 17 7 1 11
59: 13 20 14 17 19
60: 19 20 10 9 15
61: 19 8 18 11 4
62: 5 9 10 20 3
63: 20 7 18 13 15
64: 2 4 18 14 15
65: 15 20 5 7 14
66: 1 17 2 13 12
67: 11 9 18 5 3
68: 3 12 8 5 1
69: 3 11 19 10 20
70: 10 1 19 20 17
71: 6 10 5 8 7
72: 17 15 10 12 16
73: 18 20 13 1 19
74: 7 4 12 5 2
75: 1 11 8 12 15
76: 1 16 13 7 8
77: 13 5 15 9 18
78: 4 5 18 6 8
79: 5 14 16 13 1
80: 18 20 4 6 13
81: 14 8 18 15 2
82: 20 16 11 12 8
83: 19 18 9 12 13
84: 10 9 5 13 4
85: 11 17 16 3 12
86: 15 1 11 3 9
87: 6 16 17 18 12
88: 12 13 2 14 19
89: 18 4 8 14 12
90: 14 19 20 13 2
91: 9 10 17 13 16
92: 7 18 9 16 10
93: 3 18 17 9 10
94: 1 11 3 16 7
95: 5 14 15 6 10
96: 4 1 13 2 8
97: 11 20 2 5 13
98: 19 4 5 14 18
99: 19 10 15 6 7
100: 9 20 2 16 4