13
49
62
26
40
98
93
58
59
15
14
10
24
86
71
71
64
28
62
79
31
87
71
25
35
40
12
91
4
92
88
18
26
70
11
55
94
49
82
15
26
70
10
7
72
91
44
68
77
55
71
51
35
89
52
43
63
49
75
7
85
88
32
89
5
73
24
38
28
8
25
92
64
17
44
90
6
25
60
75
8
10
63
53
27
10
21
19
86
55
96
29
6
56
32
4
60
75
25
83
98
5
47
35
47
15
42
64
38
64
24
86
66
17
86
64
58
1
10
22
74
53
89
92
13
93
93
54
26
70
76
7
94
50
85
42
92
62
3
55
31
25
2
40
96
94
73
80
88
21
94
33
79
6
27
29
56
4
87
29
46
26
47
60
34
50
64
87
87
66
1
32
96
28
70
42
69
53
20
30
32
61
1
51
60
83
95
37
97
82
17
52
24
51
24
23
63